# Train        Test        
   16.848896    16.289935 
   16.822330    16.225085 
   16.805663    16.213369 
   16.978913    16.434802 
   17.075276    16.439751 
   17.058609    16.439751 
   17.041942    16.406418 
   17.063559    16.438919 
   17.035338    16.401137 
   16.989471    16.310718 
   16.805823    16.265670 
   16.854007    16.289102 
   16.845923    16.251278 
   16.804505    16.276031 
   16.858959    16.267946 
   16.810776    16.031961 
   16.765109    16.104728 
   16.785377    16.087808 
   16.790327    16.169160 
   16.743958    16.172332 
   16.758506    16.158547 
   16.699927    16.150715 
   16.740025    16.145766 
   16.784819    16.153851 
   16.778308    16.185445 
   16.785407    16.175798 
   16.609957    15.949058 
   16.656639    16.027516 
   16.610270    16.012171 
   16.616541    15.926856 
   16.606472    15.981969 
   16.520995    15.949956 
   16.543437    15.941870 
   16.529080    15.964808 
   16.530895    15.900213 
   16.511095    15.958538 
   16.528271    15.956977 
   16.498073    15.955402 
   16.545430    15.934439 
   16.477634    15.919347 
   16.508326    15.932017 
   16.437207    15.902280 
   16.444483    15.869442 
   16.426002    15.836122 
   16.404386    15.827287 
   16.404385    15.854350 
   16.441348    15.900705 
   16.468163    15.829358 
   16.404386    15.882583 
   16.401561    15.887623 
   16.364602    15.673164 
   16.347952    15.753092 
   16.366433    15.725218 
   16.354209    15.698155 
   16.344816    15.670028 
   16.344816    15.697570 
   16.341364    15.677769 
   16.310915    15.605828 
   16.295596    15.592642 
   16.296329    15.678842 
   16.194433    15.588141 
   16.180040    15.549619 
   16.163120    15.520169 
   16.234241    15.595166 
   16.195704    15.596726 
   16.186060    15.650464 
   16.183176    15.567145 
   16.235802    15.597837 
   16.166256    15.620669 
   16.175220    15.549575 
   16.193701    15.602201 
   16.116902    15.552711 
   16.162035    15.484739 
   16.147306    15.464922 
   16.132166    15.516031 
   16.123587    15.555044 
   16.151220    15.531618 
   16.103559    15.571541 
   16.174652    15.574436 
   16.177785    15.580109 
   16.182233    15.618385 
   16.124698    15.558361 
   16.074532    15.558637 
   15.950163    15.332130 
   15.863294    15.344419 
   15.857728    15.327031 
   15.949504    15.383960 
   15.946575    15.400640 
   16.016348    15.364773 
   15.988234    15.396171 
   15.979924    15.413542 
   15.945806    15.372447 
   15.954900    15.373160 
   15.891417    15.330794 
   15.912181    15.411295 
   15.896737    15.418807 
   15.915316    15.417473 
   15.943428    15.368380 
   15.955864    15.324920 
   15.862914    15.352405 
   15.987248    15.344176 
   15.972999    15.408872 
   15.982307    15.350107 
   15.932194    15.339338 
   15.963568    15.364090 
   15.978284    15.470878 
   16.011802    15.439954 
   16.042846    15.444183 
   16.052257    15.396211 
   16.012972    15.417505 
   16.046336    15.461167 
   16.050445    15.485712 
   16.026996    15.416653 
   16.131577    15.308482 
   15.873529    15.152302 
   15.873935    15.355878 
   15.875684    15.293488 
   15.939426    15.374217 
   15.909219    15.230259 
   15.759316    14.960994 
   15.555350    14.980401 
   15.485798    14.981238 
   15.517704    14.932410 
   15.544254    15.005920 
   15.568188    14.888297 
   15.436453    14.866920 
   15.512011    14.890213 
   15.477411    14.871625 
   15.443183    14.902092 
   15.459022    14.958445 
   15.463530    14.905950 
   15.479157    14.857009 
   15.433109    14.760053 
   15.455893    14.816517 
   15.445291    14.786479 
   15.458162    14.774624 
   15.464003    14.726667 
   15.244969    14.711589 
   15.251026    14.727967 
   15.312354    14.712199 
   15.327101    14.720276 
   15.274803    14.754874 
   15.310351    14.766810 
   15.330760    14.816787 
   15.392389    14.819952 
   15.388552    14.893937 
   15.356370    14.897830 
   15.468190    14.954909 
   15.452068    14.889584 
   15.427961    14.846341 
   15.393400    14.843220 
   15.428305    14.905504 
   15.430030    14.943714 
   15.398535    14.986480 
   15.436263    14.936352 
   15.411818    14.920581 
   15.356404    14.890441 
   15.400359    14.952314 
   15.387462    14.890026 
   15.405115    14.902121 
   15.390662    14.963362 
   15.422746    14.955985 
   15.438789    14.938627 
   15.495835    14.986467 
   15.510607    14.941765 
   15.432424    14.947957 
   15.351901    14.944481 
   15.048550    14.631363 
   14.995768    14.614308 
   15.025832    14.599417 
   15.031597    14.470395 
   15.039587    14.480066 
   15.073362    14.442537 
   15.056698    14.463575 
   15.069766    14.503836 
   15.048506    14.508347 
   15.024874    14.503638 
   15.044140    14.509368 
   15.023207    14.441970 
   14.959479    14.424110 
   14.912391    14.290379 
   14.642473    14.106179 
   14.577374    14.073964 
   14.581500    14.107397 
   14.582755    14.098563 
   14.567504    14.084630 
   14.582584    14.015059 
   14.566509    14.100894 
   14.550925    14.061896 
   14.294806    13.984165 
   14.318786    13.981910 
   14.297478    13.955108 
   14.283973    13.955664 
   14.299100    13.966748 
   14.313562    14.004927 
   14.324348    13.966385 
   14.331443    13.886592 
   14.185009    13.892268 
   14.087462    13.557523 
   13.945825    13.530805 
   13.932447    13.547527 
   13.902491    13.536197 
   13.907571    13.526982 
   13.908553    13.610723 
   13.886479    13.498479 
   13.744506    13.525734 
   13.748587    13.479804 
   13.724583    13.500362 
   13.648063    13.410653 
   13.591939    13.307241 
   13.524802    13.298564 
   13.429398    13.214211 
   13.416961    13.285480 
   13.432572    13.268258 
   13.411337    13.258050 
   13.420347    13.256425 
   13.360959    13.108342 
   13.311234    13.222205 
   13.403272    13.084641 
   13.337817    13.200910 
   13.406242    13.021285 
   13.246037    12.846476 
   13.095780    12.870143 
   13.125483    12.918983 
   13.238903    12.911816 
   13.188782    12.920852 
   13.122130    12.862308 
   13.223332    12.833533 
   13.303745    12.780476 
   13.227151    12.846978 
   13.225303    12.883264 
   13.125968    12.893940 
   13.188109    12.955148 
   13.102910    12.822007 
   13.113279    12.809566 
   13.014794    12.698588 
   12.986740    12.713484 
   12.990684    12.668482 
   13.006903    12.665760 
   13.021344    12.639530 
   12.986244    12.698344 
   12.974019    12.649734 
   12.996700    12.661496 
   13.051514    12.659291 
   13.047719    12.675897 
   13.044172    12.927873 
   13.121155    12.927773 
   13.122320    12.654226 
   12.877581    12.618918 
   12.885681    12.640927 
   12.958961    12.621359 
   12.891741    12.629864 
   12.912728    12.773041 
   12.985787    12.627722 
   12.948552    12.598821 
   12.984684    12.575710 
   12.945896    12.642813 
   12.923867    12.626184 
   12.940483    12.525179 
   12.965731    12.530786 
   12.841065    12.555844 
   12.831940    12.434274 
   12.782966    12.438632 
   12.715084    12.427953 
   12.685015    12.429647 
   12.688065    12.439436 
   12.696579    12.357997 
   12.689675    12.361965 
   12.712392    12.346680 
   12.711676    12.346039 
   12.718146    12.374102 
   12.741051    12.396209 
   12.740812    12.366054 
   12.744988    12.460640 
   12.723675    12.439966 
   12.739071    12.532832 
   12.752486    12.424091 
   12.752709    12.499875 
   12.869692    12.523457 
   12.862051    12.500767 
   12.848054    12.504838 
   12.841702    12.404146 
   12.828612    12.431794 
   12.852745    12.331511 
   12.788259    12.334500 
   12.782031    12.416543 
   12.714351    12.398793 
   12.707048    12.426708 
   12.717362    12.395207 
   12.696204    12.380671 
   12.700267    12.355053 
   12.718822    12.372803 
   12.689790    12.400219 
   12.690310    12.383282 
   12.694654    12.383949 
   12.700267    12.402978 
   12.687252    12.388151 
   12.663983    12.360043 
   12.654212    12.313188 
   12.636984    12.337697 
   12.655610    12.297478 
   12.641142    12.322996 
   12.632913    12.330902 
   12.646151    12.318580 
   12.661364    12.303812 
   12.655392    12.301555 
   12.671580    12.306735 
   12.663240    12.306446 
   12.685233    12.294142 
   12.653275    12.431645 
   12.691167    12.436137 
   12.687806    12.431493 
   12.732770    12.356799 
   12.744664    12.353876 
   12.729080    12.330515 
   12.719673    12.343300 
   12.725295    12.328174 
   12.705149    12.346156 
   12.710108    12.333698 
   12.738122    12.344320 
   12.725007    12.325243 
   12.735632    12.373633 
   12.739921    12.377945 
   12.765705    12.368972 
   12.731437    12.347630 
   12.773287    12.357273 
   12.794464    12.347825 
   12.782845    12.362652 
   12.770292    12.378319 
   12.761010    12.393619 
   12.765835    12.378792 
   12.731042    12.371146 
   12.738045    12.401033 
   12.731300    12.360568 
   12.698378    12.384404 
   12.687248    12.371146 
   12.737874    12.523560 
   12.763160    12.376020 
   12.692605    12.373221 
   12.702443    12.394043 
   12.754285    12.380785 
   12.766983    12.366164 
   12.800011    12.509130 
   12.884546    12.486010 
   12.855435    12.496345 
   12.912392    12.522631 
   12.905824    12.499680 
   12.913160    12.529803 
   12.889167    12.527023 
   12.907350    12.493182 
   12.917602    12.520352 
   12.949181    12.472510 
   12.933606    12.486010 
   12.911919    12.488458 
   12.927761    12.496346 
   12.905232    12.493182 
   12.943654    12.496346 
   12.908363    12.513854 
   12.822708    12.486224 
   12.775062    12.502173 
   12.799152    12.505578 
   12.773874    12.506053 
   12.832967    12.516155 
   12.792330    12.516388 
   12.777270    12.496802 
   12.813001    12.504215 
   12.781520    12.504215 
   12.820564    12.592394 
   12.810237    12.587614 
   12.801182    12.615908 
   12.867868    12.544134 
   12.832292    12.568696 
   12.823691    12.571619 
   12.832291    12.557887 
   12.816277    12.559194 
   12.828703    12.571619 
   12.831960    12.505363 
   12.810945    12.537689 
   12.837279    12.523801 
   12.808569    12.509828 
   12.784975    12.510301 
   12.789501    12.499492 
   12.796061    12.515913 
   12.805710    12.514552 
   12.775227    12.484535 
   12.781796    12.471491 
   12.758391    12.494394 
   12.774339    12.475523 
   12.781985    12.464472 
   12.793210    12.507421 
   12.789399    12.462714 
   12.795010    12.490147 
   12.784867    12.491946 
   12.757087    12.494395 
   12.772182    12.493920 
   12.760251    12.510584 
   12.754803    12.430839 
   12.846018    12.435997 
   12.822168    12.441174 
   12.816082    12.425660 
   12.800576    12.438919 
   12.835194    12.428583 
   12.835194    12.414477 
   12.784833    12.437405 
   12.798458    12.424813 
   12.813633    12.426502 
   12.830311    12.411250 
   12.823912    12.416166 
   12.860694    12.429665 
   12.817174    12.418664 
   12.838767    12.406526 
   12.825508    12.374822 
   12.838356    12.421112 
   12.817486    12.458121 
   12.890471    12.458121 
   12.876734    12.468458 
   12.854901    12.475630 
   12.863901    12.465768 
   12.904919    12.659515 
   13.039809    12.666929 
   13.022627    12.667402 
   13.021300    12.646016 
   13.008034    12.674816 
   12.997925    12.471733 
   12.901086    12.484992 
   12.875149    12.492405 
   12.855145    12.467243 
   12.839236    12.501414 
   12.804832    12.498250 
   12.780996    12.498017 
   12.815167    12.490604 
   12.823247    12.490604 
   12.825262    12.487440 
   12.807754    12.490845 
   12.810676    12.498491 
   12.800340    12.481827 
   12.872255    12.646016 
   12.967360    12.666687 
   12.935639    12.632757 
   12.834672    12.487914 
   12.956798    12.680187 
   12.976867    12.654989 
   12.988969    12.625344 
   12.822915    12.498250 
   12.796659    12.462845 
   12.863662    12.595249 
   12.841926    12.457881 
   12.825499    12.588765 
   12.847298    12.581593 
   12.854471    12.530758 
   12.873244    12.563370 
   12.829064    12.435735 
   12.850049    12.440458 
   12.812016    12.430122 
   12.805858    12.450794 
   12.860313    12.573705 
   12.859609    12.554594 
   12.800364    12.432812 
   12.783186    12.554835 
   12.837570    12.571257 
   12.848147    12.545620 
   12.813111    12.634773 
   12.853388    12.681143 
   12.832717    12.664239 
   12.844123    12.668729 
   12.894161    12.720712 
   12.976774    12.705849 
   12.988125    12.710376 
   13.000610    12.667402 
   12.954198    12.695488 
   12.950160    12.747711 
   12.994931    12.661557 
   12.838614    12.683592 
   12.883292    12.657066 
   12.873215    12.676420 
   12.960942    12.729685 
   12.975734    12.683591 
   12.850948    12.664479 
   12.927201    12.717419 
   12.864840    12.634688 
   12.823555    12.671652 
   12.900614    12.698566 
   12.951087    12.683833 
   12.929111    12.695488 
   12.935416    12.657066 
   12.858763    12.679066 
   12.976410    12.710461 
   12.954812    12.677376 
   12.931361    12.634902 
   12.806021    12.631971 
   12.837682    12.612626 
   12.841296    12.523618 
   12.787165    12.441085 
   12.715168    12.435472 
   12.720124    12.433671 
   12.739236    12.403990 
   12.702615    12.436481 
   12.736980    12.438041 
   12.744848    12.432309 
   12.725665    12.412268 
